1.00000000000000008E-005 0.10000000000000001 1.0003556260640296 1.00000000000000008E-005
2.50000000000000046E-005 0.10000000000000001 1.0008869321306926 1.50000000000000021E-005
4.75000000000000094E-005 0.10000000000000001 1.0016791162392136 2.25000000000000048E-005
8.12500000000000234E-005 0.10000000000000001 1.0028567302336242 3.37500000000000072E-005
1.31875000000000048E-004 0.10000000000000001 1.0045994339432052 5.06250000000000108E-005
2.07812500000000071E-004 0.10000000000000001 1.0071610322593563 7.59375000000000230E-005
3.21718750000000119E-004 0.10000000000000001 1.0108883943787081 1.13906250000000034E-004
4.92578125000000177E-004 0.10000000000000001 1.0162303840221130 1.70859375000000059E-004
7.48867187500000292E-004 0.10000000000000001 1.0237144064382557 2.56289062500000115E-004
1.11873246658189432E-003 0.10000000000000001 1.0334870222475276 3.69865279081893971E-004
1.50360070242338065E-003 0.10000000000000001 1.0424984505020847 3.84868235841486384E-004
1.90191100798998568E-003 0.10000000000000001 1.0507256372632481 3.98310305566605032E-004
2.31444572841048996E-003 0.10000000000000001 1.0582096354612240 4.12534720420504059E-004
2.74213489539040225E-003 0.10000000000000001 1.0649926951383784 4.27689166979912350E-004
3.18601695862201148E-003 0.10000000000000001 1.0711167522044240 4.43882063231609337E-004
3.64725341653907194E-003 0.10000000000000001 1.0766232349491029 4.61236457917060241E-004
4.12714787289522513E-003 0.10000000000000001 1.0815529150782719 4.79894456356153194E-004
4.62716904569724936E-003 0.10000000000000001 1.0859457742786376 5.00021172802023899E-004
5.14897869367555647E-003 0.10000000000000001 1.0898408846800132 5.21809647978306785E-004
5.69446576607504033E-003 0.10000000000000001 1.0932763022647045 5.45487072399483534E-004
6.26578850606408430E-003 0.10000000000000001 1.0962889723500946 5.71322739989043541E-004
6.86542682534342641E-003 0.10000000000000001 1.0989146463362942 5.99638319279342542E-004
7.49624809369760225E-003 0.10000000000000001 1.1011878089882523 6.30821268354176171E-004
8.16159066579781947E-003 0.10000000000000001 1.1031416156115044 6.65342572100217867E-004
8.86537117738649648E-003 0.10000000000000001 1.1048078385957572 7.03780511588677333E-004
9.61222416822133871E-003 0.10000000000000001 1.1062168229534217 7.46852990834842231E-004
1.04076863907793440E-002 0.10000000000000001 1.1073974506897215 7.95462222558006023E-004
1.12584440145188595E-002 0.10000000000000001 1.1083771141490080 8.50757623739515712E-004
1.21726701561914487E-002 0.10000000000000001 1.1091816989465118 9.14226141672588779E-004
1.31604950936154534E-002 0.10000000000000001 1.1098355778288462 9.87824937424004301E-004
1.42346764220715790E-002 0.10000000000000001 1.1103616180122045 1.07418132845612624E-003
1.54115793886110547E-002 0.10000000000000001 1.1107812066077940 1.17690296653947635E-003
1.67126547443602683E-002 0.10000000000000001 1.1111143024240158 1.30107535574921335E-003
1.81667460882726887E-002 0.10000000000000001 1.1113795293177289 1.45409134391241896E-003
1.98138444277668330E-002 0.10000000000000001 1.1115943398511994 1.64709833949414530E-003
2.17115077776680251E-002 0.10000000000000001 1.1117753065202256 1.89766334990119239E-003
2.39465193162355407E-002 0.10000000000000001 1.1119386621888754 2.23501153856751639E-003
2.66577052257678700E-002 0.10000000000000001 1.1121013701659892 2.71118590953233060E-003
3.00850696864002724E-002 0.10000000000000001 1.1122834417320662 3.42736446063240290E-003
3.46898022607442930E-002 0.10000000000000001 1.1125136064757617 4.60473257434402313E-003
4.15031282994228340E-002 0.10000000000000001 1.1128457612342095 6.81332603867854190E-003
5.17231173574406455E-002 0.10000000000000001 1.1133381669753744 1.02199890580178133E-002
6.70531009444673698E-002 0.10000000000000001 1.1140680583349287 1.53299835870267208E-002
9.00480763250074423E-002 0.10000000000000001 1.1151445161144988 2.29949753805400794E-002
0.12454053939581756 0.10000000000000001 1.1167201680516530 3.44924630708101226E-002
0.16175738892238886 0.10000000000000001 1.1183714686933126 3.72168495265712967E-002
0.20036458924123121 0.10000000000000001 1.1200352619980836 3.86072003188423565E-002
0.24041695413142852 0.10000000000000001 1.1217127926060531 4.00523648901973048E-002
0.28201390751785899 0.10000000000000001 1.1234070965011329 4.15969533864304492E-002
0.32526768708731080 0.10000000000000001 1.1251215244729826 4.32537795694518390E-002
0.37030433295027226 0.10000000000000001 1.1268597422835203 4.50366458629614524E-002
0.41726588627683758 0.10000000000000001 1.1286257762654164 4.69615533265652918E-002
0.46631307780203141 0.10000000000000001 1.1304240706274489 4.90471915251938229E-002
0.51762860512959252 0.10000000000000001 1.1322595581632953 5.13155273275611515E-002
0.57142115625053869 0.10000000000000001 1.1341377477726615 5.37925511209461429E-002
0.62793038805459689 0.10000000000000001 1.1360648333207504 5.65092318040581881E-002
0.68743313845907550 0.10000000000000001 1.1380478298578167 5.95027504044785549E-002
0.75025124762169093 0.10000000000000001 1.1400947452797401 6.28181091626154597E-002
0.81676149953654553 0.10000000000000001 1.1422147983790194 6.65102519148546567E-002
0.88740838757921503 0.10000000000000001 1.1444186982617681 7.06468880426694840E-002
0.96272068228337981 0.10000000000000001 1.1467190058030683 7.53122947041648116E-002
1.0433331750310639 0.10000000000000001 1.1491306059141779 8.06124927476841308E-002
1.1300155433247945 0.10000000000000001 1.1516713309390787 8.66823682937304801E-002
1.2237111098905782 0.10000000000000001 1.1543627918451931 9.36955665657836362E-002
1.3255894503986954 0.10000000000000001 1.1572314966001085 0.10187834050811709
1.4371184454916235 0.10000000000000001 1.1603103652518680 0.11152899509292814
1.5601634863440175 0.10000000000000001 1.1636407867663161 0.12304504085239398
1.6971237603158071 0.10000000000000001 1.1672753912845679 0.13696027397178959
1.8485421723960616 0.10000000000000001 1.1712153641935454 0.15141841208025442
2.0094625744336549 0.10000000000000001 1.1753232625006942 0.16092040203759339
2.1808524927736745 0.10000000000000001 1.1796192873205626 0.17138991834001957
2.3641524482286669 0.10000000000000001 1.1841341238124201 0.18329995545499225
2.5611165485223375 0.10000000000000001 1.1889042720760765 0.19696410029367076
2.7738918987938366 0.10000000000000001 1.1939734914897504 0.21277535027149924
3.0051394603887642 0.10000000000000001 1.1993950594297782 0.23124756159492760
3.2582008890656278 0.10000000000000001 1.2052348482135200 0.25306142867686376
3.5373294291647608 0.10000000000000001 1.2115755201463299 0.27912854009913313
3.8480084954371323 0.10000000000000001 1.2185222113331176 0.31067906627237135
4.1973818907897362 0.10000000000000001 1.2262100113225161 0.34937339535260387
4.5863854537705224 0.10000000000000001 1.2346323472096703 0.38900356298078648
4.9999027828560640 0.10000000000000001 1.2434440978667174 0.41351732908554123
5.4406593463814508 0.10000000000000001 1.2526935202735525 0.44075656352538661
5.9126508374222695 0.10000000000000001 1.2624528225474887 0.47199149104081850
6.4206401880978001 0.10000000000000001 1.2728066118951933 0.50798935067553053
6.9703289573989409 0.10000000000000001 1.2838548619034660 0.54968876930114086
7.5685965369892765 0.10000000000000001 1.2957170863743468 0.59826757959033572
8.2237777476362552 0.10000000000000001 1.3085371122712770 0.65518121064697799
8.9459507764512693 0.10000000000000001 1.3224879749634360 0.72217302881501488
9.7471582222783226 0.10000000000000001 1.3377756351679455 0.80120744582705417
10.641391216615894 0.10000000000000001 1.3546386844676153 0.89423299433757075
11.644041478151024 0.10000000000000001 1.3733392195159138 1.0026502615351305
12.766209181668531 0.10000000000000001 1.3940610790827623 1.1221677035175073
13.954911301370267 0.10000000000000001 1.4158275268810856 1.1887021197017364
15.216738042539010 0.10000000000000001 1.4387826607964198 1.2618267411687443
16.561207559225238 0.10000000000000001 1.4631287755844105 1.3444695166862264
17.999072383842282 0.10000000000000001 1.4890973547264610 1.4378648246170460
19.542526671837457 0.10000000000000001 1.5169559801710131 1.5434542879951754
21.205473978894553 0.10000000000000001 1.5470172868494125 1.6629473070570941
23.003777404557226 0.10000000000000001 1.5796489372036711 1.7983034256626729
24.955470490655092 0.10000000000000001 1.6152847010374176 1.9516930860978670
27.080913348447847 0.10000000000000001 1.6544369058467718 2.1254428577927555
29.402911155966684 0.10000000000000001 1.6977112054565831 2.3219978075188372
31.946902146628023 0.10000000000000001 1.7458264754290596 2.5439909906613387
34.741501682530782 0.10000000000000001 1.7996466253351093 2.7945995359027580
37.719875122943385 0.10000000000000001 1.8582452393531739 2.9783734404126054
40.877012216947492 0.10000000000000001 1.9218920653819698 3.1571370940041050
