   93689.957741268372     
   93689.957741268372     
   93689.957741268372     
   93689.957741268372     
   93689.957741268372     
   93689.957741268372     
   93689.957741268372     
   93689.957741268372     
   93689.957741268372     
   93689.957741268372     
   93689.957741268372     
   93689.957741268372     
   93689.957741268372     
   93689.957741268372     
   93689.957741268372     
   93689.957741268372     
   93689.957741268372     
   93689.957741268372     
   93689.957741268372     
   93689.957741268372     
   93689.957741268372     
   93689.957741268372     
   93689.957741268372     
   93689.957741268372     
   93689.957741268372     
   93689.957741268372     
   93689.957741268372     
   93689.957741268372     
   93689.957741268372     
   93689.957741268372     
   93689.957741268372     
   93689.957741268372     
   93689.957741268372     
   93689.957741268372     
   93689.957741268372     
   93689.957741268372     
   93689.957741268372     
   93689.957741268372     
   93689.957741268372     
   93689.957741268372     
   93689.957741268372     
   93689.957741268372     
   93689.957741268372     
   93689.957741268372     
   93689.957741268372     
   93689.957741268372     
   93689.957741268372     
   93689.957741268372     
   93689.957741268372     
   93689.957741268372     
   93689.957741268372     
   93689.957741268372     
   93689.957741268372     
   93689.957741268372     
   93689.957741268372     
   93689.957741268372     
   93689.957741268372     
   93689.957741268372     
   93689.957741268372     
   93689.957741268372     
   93689.957741268372     
   93689.957741268372     
   93689.957741268372     
   93689.957741268372     
   93689.957741268372     
   93689.957741268372     
   93689.957741268372     
   93689.957741268372     
   93689.957741268372     
   93689.957741268372     
   93689.957741268372     
   93689.957741268372     
   93689.957741268372     
   93689.957741268372     
   93689.957741268372     
   93689.957741268372     
   93689.957741268372     
   93689.957741268372     
   93689.957741268372     
   93689.957741268372     
   93689.957741268372     
   93689.957741268372     
   93689.957741268372     
   93689.957741268372     
   93689.957741268372     
   93689.957741268372     
   93689.957741268372     
   93689.957741268372     
   93689.957741268372     
   93689.957741268372     
   93689.957741268372     
   93689.957741268372     
   93689.957741268372     
   93689.957741268372     
   93689.957741268372     
   93689.957741268372     
   93689.957741268372     
   93689.957741268372     
   93689.957741268372     
   93689.957741268372     
   93689.957741268372     
   93689.957741268372     
   93689.957741268372     
   93689.957741268372     
   93689.957741268372     
   93689.957741268372     
   93689.957741268372     
   93689.957741268372     
   93689.957741268372     
   93689.957741268372     
   93689.957741268372     
   93689.957741268372     
   93689.957741268372     
   93689.957741268372     
   93689.957741268372     
   93689.957741268372     
   93689.957741268372     
   93689.957741268372     
   93689.957741268372     
   93689.957741268372     
   93689.957741268372     
   93689.957741268372     
   93689.957741268372     
   93689.957741268372     
   93689.957741268372     
   93689.957741268372     
   93689.957741268372     
   93689.957741268372     
   93689.957741268372     
   93689.957741268372     
   93689.957741268372     
   93689.957741268372     
   93689.957741268372     
   93689.957741268372     
   93689.957741268372     
   93689.957741268372     
   93689.957741268372     
   93689.957741268372     
   93689.957741268372     
   93689.957741268372     
   93689.957741268372     
   93689.957741268372     
   93689.957741268372     
   93689.957741268372     
   93689.957741268372     
   93689.957741268372     
   93689.957741268372     
   93689.957741268372     
   93689.957741268372     
   93689.957741268372     
   93689.957741268372     
   93689.957741268372     
   93689.957741268372     
   93689.957741268372     
   93689.957741268372     
   93689.957741268372     
   93689.957741268372     
   93689.957741268372     
   93689.957741268372     
   93689.957741268372     
   93689.957741268372     
   93689.957741268372     
   93689.957741268372     
   93689.957741268372     
   93689.957741268372     
   93689.957741268372     
   93689.957741268372     
   93689.957741268372     
   93689.957741268372     
   93689.957741268372     
   93689.957741268372     
   93689.957741268372     
   93689.957741268372     
   93689.957741268372     
   93689.957741268372     
   93689.957741268372     
   93689.957741268372     
   93689.957741268372     
   93689.957741268372     
   93689.957741268372     
   93689.957741268372     
   93689.957741268372     
   93689.957741268372     
   93689.957741268372     
   93689.957741268372     
   93689.957741268372     
   93689.957741268372     
   93689.957741268372     
   93689.957741268372     
   93689.957741268372     
   93689.957741268372     
   93689.957741268372     
   93689.957741268372     
   93689.957741268372     
   93689.957741268372     
   93689.957741268372     
   93689.957741268372     
   93689.957741268372     
   93689.957741268372     
   93689.957741268372     
   93689.957741268372     
   210474.26782912761     
   327244.01932457689     
   443999.21404252283     
   560739.85379764577     
   677465.94040439976     
   794177.47567701270     
   910874.46142948640     
   1027556.8994755964     
   1144224.7916288923     
   1260878.1397026975     
   1377516.9455101094     
   1494141.2108639993     
   1610750.9375770125     
   1727346.1274615682     
   1843926.7823298601     
   1960492.9039938559     
   2077044.4942652970     
   2193581.5549556990     
   2310104.0878763525     
   2426612.0948383212     
   2543105.5776524437     
   2659584.5381293320     
   2776048.9780793735     
   2892498.8993127295     
   3008934.3036393356     
   3125355.1928689019     
   3241761.5688109123     
   3358153.4332746258     
   3474530.7880690759     
   3590893.6350030699     
   3707241.9758851901     
   3823575.8125237934     
   3939895.1467270111     
   4056199.9803027487     
   4172490.3150586872     
   4288766.1528022820     
   4405027.4953407627     
   4521274.3444811339     
   4637506.7020301744     
   4753724.5697944388     
   4869927.9495802559     
   4986116.8431937294     
   5102291.2524407385     
   5218451.1791269360     
   5334596.6250577495     
   5450727.5920383828     
   5566844.0818738146     
   5682946.0963687981     
   5799033.6373278610     
   5915106.7065553069     
   6031165.3058552137     
   6147209.4370314348     
   6263239.1018875986     
   6379254.3022271097     
   6495255.0398531463     
   6611241.3165686624     
   6727213.1341763875     
   6843170.4944788264     
   6959113.3992782589     
   7075041.8503767401     
   7190955.8495761007     
   7306855.3986779470     
   7422740.4994836599     
   7538611.1537943967     
   7654467.3634110885     
   7770309.1301344438     
   7886136.4557649465     
   8001949.3421028545     
   8117747.7909482028     
   8233531.8041008012     
   8349301.3833602350     
   8465056.5305258650     
   8580797.2473968305     
   8696523.5357720423     
   8812235.3974501882     
   8927932.8342297338     
   9043615.8479089197     
   9159284.4402857609     
   9274938.6131580491     
   9390578.3683233503     
   9506203.7075790092     
   9621814.6327221468     
   9737411.1455496568     
   9852993.2478582114     
   9968560.9414442573     
   10084114.228104018     
   10199653.109633492     
   10315177.587828457     
   10430687.664484465     
   10546183.341396842     
   10661664.620360693     
   10777131.503170898     
   10892583.991622115     
   11008022.087508775     
   11123445.792625090     
   11238855.108765043     
   11354250.037722396     
   11469630.581290688     
   11584996.741263233     
   11700348.519433122     
   11815685.917593224     
   11931008.937536182     
   12046317.581054417     
   12161611.849940127     
   12276891.745985283     
   12392157.270981638     
   12507408.426720718     
   12622645.214993825     
   12737867.637592042     
   12853075.696306225     
   12968269.392927008     
   13083448.729244800     
   13198613.707049791     
   13313764.328131944     
   13428900.594280999     
   13544022.507286476     
   13659130.068937669     
   13774223.281023649     
   13889302.145333266     
   14004366.663655145     
   14119416.837777689     
   14234452.669489078     
   14349474.160577269     
   14464481.312829996     
   14579474.128034769     
   14694452.607978879     
   14809416.754449388     
   14924366.569233142     
   15039302.054116759     
   15154223.210886639     
   15269130.041328954     
   15384022.547229655     
   15498900.730374474     
   15613764.592548916     
   15728614.135538267     
   15843449.361127587     
   15958270.271101715     
   16073076.867245268     
   16187869.151342640     
   16302647.125178002     
   16417410.790535303     
   16532160.149198269     
   16646895.202950407     
   16761615.953574996     
   16876322.402855098     
   16991014.552573550     
   17105692.404512968     
   17220355.960455745     
   17335005.222184051     
   17449640.191479832     
   17564260.870124821     
   17678867.259900518     
   17793459.362588204     
   17908037.179968942     
   18022600.713823568     
   18137149.965932701     
   18251684.938076731     
   18366205.632035833     
   18480712.049589958     
   18595204.192518834     
   18709682.062601969     
   18824145.661618646     
   18938594.991347928     
   19053030.053568654     
   19167450.850059446     
   19281857.382598702     
   19396249.652964599     
   19510627.662935089     
   19624991.414287906     
   19739340.908800561     
   19853676.148250341     
   19967997.134414315     
   20082303.869069330     
   20196596.353992011     
   20310874.590958763     
   20425138.581745766     
   20539388.328128982     
   20653623.831884149     
   20767845.094786786     
   20882052.118612185     
   20996244.905135427     
   21110423.456131361     
   21224587.773374625     
   21338737.858639624     
   21452873.713700552     
   21566995.340331376     
   21681102.740305845     
   21795195.915397488     
   21909274.867379606     
   22023339.598025288     
   22137390.109107394     
   22251426.402398568     
   22365448.479671232     
   22479456.342697587     
   22593449.993249610     
   22707429.433099061     
   22821394.664017480     
   22935345.687776182     
   23049282.506146260     
   23163205.120898593     
   23277113.533803836     
   23391007.746632423     
   23504887.761154566     
   23618753.579140257     
   23732605.202359270     
   23846442.632581156     
   23960265.871575244     
   24074074.921110645     
   24187869.782956250     
   24301650.458880726     
   24415416.950652521     
   24529169.260039866     
   24642907.388810765     
   24756631.338733006     
   24870341.111574158     
   24984036.709101565     
   25097718.133082356     
   25211385.385283437     
   25325038.467471492     
   25438677.381412983     
   25552302.128874160     
   25665912.711621050     
   25779509.131419454     
   25893091.390034955     
   26006659.489232920     
   26120213.430778496     
   26233753.216436602     
   26347278.847971946     
   26460790.327149015     
   26574287.655732069     
   26687770.835485153     
   26801239.868172094     
   26914694.755556498     
   27028135.499401744     
   27141562.101471003     
   27254974.563527219     
   27368372.887333114     
   27481757.074651197     
   27595127.127243754     
   27708483.046872851     
   27821824.835300334     
   27935152.494287830     
   28048466.025596749     
   28161765.430988275     
   28275050.712223377     
   28388321.871062808     
   28501578.909267094     
   28614821.828596547     
   28728050.630811255     
   28841265.317671090     
   28954465.890935704     
   29067652.352364529     
   29180824.703716777     
   29293982.946751442     
   29407127.083227295     
   29520257.114902899     
   29633373.043536585     
   29746474.870886467     
   29859562.598710448     
   29972636.228766203     
   30085695.762811191     
   30198741.202602655     
   30311772.549897611     
   30424789.806452867     
   30537792.974025004     
   30650782.054370385     
   30763757.049245153     
   30876717.960405238     
   30989664.789606344     
   31102597.538603961     
   31215516.209153362     
   31328420.803009592     
   31441311.321927488     
   31554187.767661661     
   31667050.141966503     
   31779898.446596194     
   31892732.683304686     
   32005552.853845723     
   32118358.959972821     
   32231151.003439281     
   32343928.985998187     
   32456692.909402404     
   32569442.775404576     
   32682178.585757133     
   32794900.342212278     
   32907608.046522006     
   33020301.700438086     
   33132981.305712074     
   33245646.864095304     
   33358298.377338890     
   33470935.847193733     
   33583559.275410511     
   33696168.663739689     
   33808764.013931505     
   33921345.327735990     
   34033912.606902950     
   34146465.853181973     
   34259005.068322435     
   34371530.254073486     
   34484041.412184060     
   34596538.544402875     
   34709021.652478427     
   34821490.738159001     
   34933945.803192660     
   35046386.849327244     
   35158813.878310382     
   35271226.891889490     
   35383625.891811751     
   35496010.879824147     
   35608381.857673429     
   35720738.827106133     
   35833081.789868578     
   35945410.747706875     
   36057725.702366903     
   36170026.655594334     
   36282313.609134614     
   36394586.564732976     
   36506845.524134435     
   36619090.489083789     
   36731321.461325616     
   36843538.442604274     
   36955741.434663914     
   37067930.439248458     
   37180105.458101623     
   37292266.492966898     
   37404413.545587555     
   37516546.617706656     
   37628665.711067043     
   37740770.827411331     
   37852861.968481936     
   37964939.136021040     
   38077002.331770614     
   38189051.557472415     
   38301086.814867981     
   38413108.105698630     
   38525115.431705467     
   38637108.794629380     
   38749088.196211033     
   38861053.638190880     
   38973005.122309163     
   39084942.650305890     
   39196866.223920867     
   39308775.844893679     
   39420671.514963686     
   39532553.235870048     
   39644421.009351693     
   39756274.837147340     
   39868114.720995493     
   39979940.662634432     
   40091752.663802221     
   40203550.726236716     
   40315334.851675548     
   40427105.041856132     
   40538861.298515670     
   40650603.623391151     
   40762332.018219337     
   40874046.484736778     
   40985747.024679810     
   41097433.639784545     
   41209106.331786893     
   41320765.102422535     
   41432409.953426942     
   41544040.886535361     
   41655657.903482832     
   41767261.006004177     
   41878850.195833996     
   41990425.474706672     
   42101986.844356380     
   42213534.306517079     
   42325067.862922505     
   42436587.515306175     
   42548093.265401401     
   42659585.114941269     
   42771063.065658659     
   42882527.119286224     
   42993977.277556412     
   43105413.542201445     
   43216835.914953336     
   43328244.397543877     
   43439638.991704643     
   43551019.699166998     
   43662386.521662094     
   43773739.460920863     
   43885078.518674016     
   43996403.696652047     
   44107714.996585250     
   44219012.420203686     
   44330295.969237208     
   44441565.645415455     
   44552821.450467847     
   44664063.386123590     
   44775291.454111673     
   44886505.656160876     
   44997705.993999749     
   45108892.469356641     
   45220065.083959676     
   45331223.839536771     
   45442368.737815619     
   45553499.780523703     
   45664616.969388291     
   45775720.306136437     
   45886809.792494968     
   45997885.430190511     
   46108947.220949471     
   46219995.166498035     
   46331029.268562175     
   46442049.528867662     
   46553055.949140027     
   46664048.531104609     
   46775027.276486516     
   46885992.187010653     
   46996943.264401697     
   47107880.510384120     
   47218803.926682182     
   47329713.515019916     
   47440609.277121149     
   47551491.214709491     
   47662359.329508334     
   47773213.623240858     
   47884054.097630031     
   47994880.754398599     
   48105693.595269099     
   48216492.621963859     
   48327277.836204976     
   48438049.239714339     
   48548806.834213629     
   48659550.621424310     
   48770280.603067629     
   48880996.780864619     
   48991699.156536095     
   49102387.731802657     
   49213062.508384705     
   49323723.488002405     
   49434370.672375724     
   49545004.063224405     
   49655623.662267976     
   49766229.471225753     
   49876821.491816849     
   49987399.725760147     
   50097964.174774319     
   50208514.840577826     
   50319051.724888913     
   50429574.829425618     
   50540084.155905753     
   50650579.706046917     
   50761061.481566504     
   50871529.484181687     
   50981983.715609431     
   51092424.177566484     
   51202850.871769376     
   51313263.799934424     
   51423662.963777736     
   51534048.365015201     
   51644420.005362496     
   51754777.886535086     
   51865122.010248214     
   51975452.378216922     
   52085768.992156029     
   52196071.853780150     
   52306360.964803673     
   52416636.326940775     
   52526897.941905431     
   52637145.811411388     
   52747379.937172189     
   52857600.320901155     
   52967806.964311406     
   53077999.869115837     
   53188179.037027135     
   53298344.469757766     
   53408496.169019990     
   53518634.136525854     
   53628758.373987190     
   53738868.883115619     
   53848965.665622540     
   53959048.723219149     
   54069118.057616420     
   54179173.670525119     
   54289215.563655794     
   54399243.738718785     
   54509258.197424218     
   54619258.941482008     
   54729245.972601846     
   54839219.292493224     
   54949178.902865410     
   55059124.805427462     
   55169057.001888230     
   55278975.493956350     
   55388880.283340238     
   55498771.371748105     
   55608648.760887936     
   55718512.452467516     
   55828362.448194422     
   55938198.749775998     
   56048021.358919397     
   56157830.277331538     
   56267625.506719150     
   56377407.048788726     
   56487174.905246563     
   56596929.077798739     
   56706669.568151124     
   56816396.378009364     
   56926109.509078905     
   57035808.963064976     
   57145494.741672590     
   57255166.846606553     
   57364825.279571451     
   57474470.042271666     
   57584101.136411361     
   57693718.563694492     
   57803322.325824797     
   57912912.424505807     
   58022488.861440837     
   58132051.638332993     
   58241600.756885163     
   58351136.218800031     
   58460658.025780059     
   58570166.179527499     
   58679660.681744397     
   58789141.534132585     
   58898608.738393679     
   59008062.296229087     
   59117502.209339999     
   59226928.479427397     
   59336341.108192056     
   59445740.097334526     
   59555125.448555164     
   59664497.163554095     
   59773855.244031243     
   59883199.691686317     
   59992530.508218817     
   60101847.695328027     
   60211151.254713021     
   60320441.188072659     
   60429717.497105598     
   60538980.183510274     
   60648229.248984911     
   60757464.695227534     
   60866686.523935936     
   60975894.736807719     
   61085089.335540257     
   61194270.321830720     
   61303437.697376065     
   61412591.463873036     
   61521731.623018168     
   61630858.176507786     
   61739971.126038000     
   61849070.473304711     
   61958156.220003612     
   62067228.367830172     
   62176286.918479659     
   62285331.873647131     
   62394363.235027425     
   62503381.004315183     
   62612385.183204815     
   62721375.773390532     
   62830352.776566334     
   62939316.194426015     
   63048266.028663144     
   63157202.280971080     
   63266124.953042984     
   63375034.046571799     
   63483929.563250251     
   63592811.504770868     
   63701679.872825950     
   63810534.669107601     
   63919375.895307712     
   64028203.553117953     
   64137017.644229792     
   64245818.170334488     
   64354605.133123077     
   64463378.534286402     
   64572138.375515081     
   64680884.658499524     
   64789617.384929933     
   64898336.556496292     
   65007042.174888387     
   65115734.241795786     
   65224412.758907847     
   65333077.727913722     
   65441729.150502346     
   65550367.028362446     
   65658991.363182530     
   65767602.156650908     
   65876199.410455681     
   65984783.126284726     
   66093353.305825725     
   66201909.950766139     
   66310453.062793218     
   66418982.643594004     
   66527498.694855332     
   66636001.218263827     
   66744490.215505905     
   66852965.688267760     
   66961427.638235383     
   67069876.067094564     
   67178310.976530880     
   67286732.368229672     
   67395140.243876114     
   67503534.605155125     
   67611915.453751445     
   67720282.791349605     
   67828636.619633898     
   67936976.940288439     
   68045303.754997119     
   68153617.065443605     
   68261916.873311386     
   68370203.180283710     
   68478475.988043636     
   68586735.298274010     
   68694981.112657458     
   68803213.432876393     
   68911432.260613039     
   69019637.597549409     
   69127829.445367277     
   69236007.805748239     
   69344172.680373669     
   69452324.070924714     
   69560461.979082346     
   69668586.406527311     
   69776697.354940131     
   69884794.826001152     
   69992878.821390480     
   70100949.342788011     
   70209006.391873449     
   70317049.970326290     
   70425080.079825819     
   70533096.722051084     
   70641099.898680970     
   70749089.611394107     
   70857065.861868948     
   70965028.651783720     
   71072977.982816458     
   71180913.856644973     
   71288836.274946854     
   71396745.239399508     
   71504640.751680121     
   71612522.813465685     
   71720391.426432952     
   71828246.592258483     
   71936088.312618628     
   72043916.589189529     
   72151731.423647135     
   72259532.817667156     
   72367320.772925094     
   72475095.291096270     
   72582856.373855785     
   72690604.022878513     
   72798338.239839152     
   72906059.026412159     
   73013766.384271801     
   73121460.315092131     
   73229140.820547000     
   73336807.902310029     
   73444461.562054649     
   73552101.801454097     
   73659728.622181356     
   73767342.025909245     
   73874942.014310360     
   73982528.589057073     
   74090101.751821563     
   74197661.504275799     
   74305207.848091543     
   74412740.784940347     
   74520260.316493556     
   74627766.444422290     
   74735259.170397490     
   74842738.496089861     
   74950204.423169926     
   75057656.953307971     
   75165096.088174090     
   75272521.829438180     
   75379934.178769901     
   75487333.137838736     
   75594718.708313942     
   75702090.891864568     
   75809449.690159455     
   75916795.104867250     
   76024127.137656361     
   76131445.790195018     
   76238751.064151242     
   76346042.961192831     
   76453321.482987374     
   76560586.631202266     
   76667838.407504693     
   76775076.813561618     
   76882301.851039797     
   76989513.521605805     
   77096711.826925978     
   77203896.768666461     
   77311068.348493189     
   77418226.568071887     
   77525371.429068089     
   77632502.933147088     
   77739621.081973985     
   77846725.877213687     
   77953817.320530877     
   78060895.413590029     
   78167960.158055425     
   78275011.555591121     
   78382049.607860982     
   78489074.316528663     
   78596085.683257595     
   78703083.709711015     
   78810068.397551969     
   78917039.748443261     
   79023997.764047503     
   79130942.446027115     
   79237873.796044290     
   79344791.815761015     
   79451696.506839082     
   79558587.870940074     
   79665465.909725353     
   79772330.624856085     
   79879182.017993212     
   79986020.090797499     
   80092844.844929487     
   80199656.282049522     
   80306454.403817713     
   80413239.211893991     
   80520010.707938075     
   80626768.893609464     
   80733513.770567462     
   80840245.340471163     
   80946963.604979441     
   81053668.565751001     
   81160360.224444300     
   81267038.582717612     
   81373703.642228991     
   81480355.404636294     
   81586993.871597156     
   81693619.044769034     
   81800230.925809160     
   81906829.516374543     
   82013414.818122029     
   82119986.832708210     
   82226545.561789498     
   82333091.007022098     
   82439623.170062006     
   82546142.052565008     
   82652647.656186685     
   82759139.982582420     
   82865619.033407360     
   82972084.810316488     
   83078537.314964548     
   83184976.549006104     
   83291402.514095485     
   83397815.211886838     
   83504214.644034088     
   83610600.812190950     
   83716973.718010962     
   83823333.363147423     
   83929679.749253437     
   84036012.877981916     
   84142332.750985548     
   84248639.369916826     
   84354932.736428022     
   84461212.852171227     
   84567479.718798295     
   84673733.337960899     
   84779973.711310506     
   84886200.840498358     
   84992414.727175504     
   85098615.372992784     
   85204802.779600829     
   85310976.948650077     
   85417137.881790742     
   85523285.580672845     
   85629420.046946198     
   85735541.282260418     
   85841649.288264900     
   85947744.066608831     
   86053825.618941203     
   86159893.946910813     
   86265949.052166224     
   86371990.936355814     
   86478019.601127759     
   86584035.048130006     
   86690037.279010326     
   86796026.295416251     
   86902002.098995149     
   87007964.691394150     
   87113914.074260190     
   87219850.249239996     
   87325773.217980102     
   87431682.982126817     
   87537579.543326259     
   87643462.903224334     
   87749333.063466743     
   87855190.025698990     
   87961033.791566372     
   88066864.362713978     
   88172681.740786687     
   88278485.927429169     
   88384276.924285904     
   88490054.733001158     
   88595819.355219007     
   88701570.792583302     
   88807309.046737686     
   88913034.119325608     
   89018746.011990324     
   89123866.586225942     
   89228395.915747374     
   89332334.074260667     
   89435681.135462523     
   89538437.173040435     
   89640602.260672733     
   89742176.472028568     
   89843159.880767718     
   89943552.560541108     
   90043354.584990337     
   90142566.027747840     
   90241186.962436810     
   90339217.462671325     
   90436657.602056071     
   90533507.454186931     
   90629767.092650414     
   90725436.591023877     
   90820516.022875503     
   90915005.461764306     
   91008904.981239945     
   91102214.654843256     
   91194934.556105763     
   91287064.758549780     
   91378605.335688487     
   91469556.361025706     
   91559917.908056453     
   91649690.050266415     
   91738872.861132100     
   91827466.414120868     
   91915470.782690912     
   92002886.040291131     
   92089712.260361552     
   92175949.516332924     
   92261597.881626844     
   92346657.429655701     
   92431128.233822778     
   92515010.367522106     
   92598303.904138759     
   92681008.917048469     
   92763125.479617998     
   92844653.665204883     
   92925593.547157422     
   93005945.198814943     
   93085708.693507448     
   93164884.104555979     
   93243471.505272388     
   93321470.968959242     
   93398882.568910167     
   93475706.378409564     
   93551942.470732629     
   93627590.919145569     
   93702651.796905383     
   93777125.177259862     
   93851011.133447826     
   93924309.738698870     
   93997021.066233397     
   94069145.189262837     
   94140682.180989414     
   94211632.114606142     
   94281995.063297078     
   94351771.100237057     
   94420960.298591748     
   94489562.731517822     
   94557578.472162768     
   94625007.593664885     
   94691850.169153482     
   94758106.271748707     
   94823775.974561483     
   94888859.350693822     
   94953356.473238498     
   95017267.415279105     
   95080592.249890298     
   95143331.050137520     
   95205483.889077067     
   95267050.839756250     
   95328031.975213200     
   95388427.368476883     
   95448237.092567295     
   95507461.220495269     
   95566099.825262427     
   95624152.979861498     
   95681620.757275999     
   95738503.230480254     
   95794800.472439677     
   95850512.556110442     
   95905639.554439738     
   95960181.540365621     
   96014138.586816967     
   96067510.766713709     
   96120298.152966619     
   96172500.818477288     
   96224118.836138383     
   96275152.278833434     
   96325601.219436750     
   96375465.730813757     
   96424745.885820702     
   96473441.757304683     
   96521553.418103859     
   96569080.941047236     
   96616024.398954660     
   96662383.864637062     
   96708159.410896212     
   96753351.110524729     
   96797959.036306322     
   96841983.261015534     
   96885423.857417747     
   96928280.898269460     
   96970554.456318006     
   97012244.604301587     
   97053351.414949462     
   97093874.960981771     
   97133815.315109506     
   97173172.550034747     
   97211946.738450438     
   97250137.953040361     
   97287746.266479433     
   97324771.751433402     
   97361214.480558872     
   97397074.526503578     
   97432351.961906061     
   97467046.859395847     
   97501159.291593462     
   97534689.331110269     
   97567637.050548658     
   97600002.522501975     
   97631785.819554448     
   97662987.014281303     
   97693606.179248765     
   97723643.387013912     
   97753098.710124806     
   97781972.221120551     
   97810263.992531106     
   97837974.096877396     
   97865102.606671348     
   97891649.594415873     
   97917615.132604778     
   97942999.293722853     
   97967802.150245905     
   97992023.774640605     
   98015664.239364669     
   98038723.616866782     
   98061201.979586527     
   98083099.399954513     
   98104415.950392351     
   98125151.703312516     
   98145306.731118545     
   98164881.106204957     
   98183874.900957182     
   98202288.187751651     
   98220121.038955823     
   98237373.526928052     
   98254045.724017709     
   98270137.702565148     
   98285649.534901753     
   98300581.293349802     
   98314933.050222605     
   98328704.877824485     
   98341896.848450661     
   98354509.034387425     
   98366541.507912055     
   98377994.341292739     
   98388867.606788754     
   98399161.376650289     
   98408875.723118588     
   98418010.718425870     
   98426566.434795305     
   98434542.944441125     
   98441940.319568515     
   98448758.632373691     
   98454997.955043837     
   98460658.359757155     
   98465739.918682858     
   98470242.703981161     
   98474166.787803248     
   98477512.242291361     
   98480279.139578715     
   98482467.551789522     
   98484077.551039040     
   98485109.209433496     
   98485562.599070191     
   98485437.792037383     
   98484734.860414341     
   98483453.876271367     
   98481594.911669776     
   98479158.038661912     
   98476143.329291135     
   98472550.855591789     
   98468380.689589277     
   98463632.903299987     
   98458307.568731368     
   98452404.757881880     
   98445924.542741016     
   98438866.995289266     
   98431232.187498152     
   98423020.191330239     
   98414231.078739122     
   98404864.921669424     
   98394921.792056799     
   98384401.761827931     
   98373304.902900532     
   98362209.427332282     
   98351115.334950745     
   98340022.625583500     
   98328931.299058124     
   98317841.355202243     
   98306752.793843478     
   98295665.614809483     
   98284579.817927942     
   98273495.403026551     
   98262412.369933024     
   98251330.718475118     
   98240250.448480576     
   98229171.559777200     
   98218094.052192777     
   98207017.925555140     
   98195943.179692134     
   98184869.814431638     
   98173797.829601541     
   98162727.225029752     
   98151658.000544205     
   98140590.155972853     
   98129523.691143677     
   98118458.605884671     
   98107394.900023863     
   98096332.573389292     
   98085271.625809014     
   98074212.057111114     
   98063153.867123708     
   98052097.055674911     
   98041041.622592866     
   98029987.567705765     
   98018934.890841782     
   98007883.591829136     
   97996833.670496047     
   97985785.126670793     
   97974737.960181639     
   97963692.170856878     
   97952647.758524835     
   97941604.723013848     
   97930563.064152285     
   97919522.781768531     
   97908483.875690982     
   97897446.345748082     
   97886410.191768259     
   97875375.413580000     
   97864342.011011779     
   97853309.983892113     
   97842279.332049549     
   97831250.055312619     
   97820222.153509915     
   97809195.626470029     
   97798170.474021584     
   97787146.695993215     
   97776124.292213589     
   97765103.262511387     
   97754083.606715322     
   97743065.324654102     
   97732048.416156486     
   97721032.881051242     
   97710018.719167158     
   97699005.930333048     
   97687994.514377743     
   97676984.471130088     
   97665975.800418973     
   97654968.502073288     
   97643962.575921953     
   97632958.021793902     
   97621954.839518100     
   97610953.028923526     
   97599952.589839175     
   97588953.522094086     
   97577955.825517297     
   97566959.499937877     
   97555964.545184910     
   97544970.961087525     
   97533978.747474834     
   97522987.904175997     
   97511998.431020185     
   97501010.327836588     
   97490023.594454423     
   97479038.230702937     
   97468054.236411378     
   97457071.611409038     
   97446090.355525210     
   97435110.468589216     
   97424131.950430393     
   97413154.800878122     
   97402179.019761786     
   97391204.606910780     
   97380231.562154546     
   97369259.885322526     
   97358289.576244205     
   97347320.634749055     
   97336353.060666606     
   97325386.853826389     
   97314422.014057964     
   97303458.541190907     
   97292496.435054809     
   97281535.695479304     
   97270576.322294027     
   97259618.315328643     
   97248661.674412832     
   97237706.399376288     
   97226752.490048751     
   97215799.946259975     
   97204848.767839715     
   97193898.954617769     
   97182950.506423950     
   97172003.423088089     
   97161057.704440027     
   97150113.350309655     
   97139170.360526860     
   97128228.734921575     
   97117288.473323718     
   97106349.575563267     
   97095412.041470185     
   97084475.870874479     
   97073541.063606188     
   97062607.619495347     
   97051675.538372010     
   97040744.820066273     
   97029815.464408249     
   97018887.471228063     
   97007960.840355858     
   96997035.571621820     
   96986111.664856136     
   96975189.119889021     
   96964267.936550707     
   96953348.114671454     
   96942429.654081538     
   96931512.554611251     
   96920596.816090912     
   96909682.438350871     
   96898769.421221495     
   96887857.764533162     
   96876947.468116269     
   96866038.531801239     
   96855130.955418527     
   96844224.738798603     
   96833319.881771952     
   96822416.384169087     
   96811514.245820537     
   96800613.466556862     
   96789714.046208620     
   96778815.984606415     
   96767919.281580865     
   96757023.936962605     
   96746129.950582281     
   96735237.322270587     
   96724346.051858217     
   96713456.139175892     
   96702567.584054366     
   96691680.386324391     
   96680794.545816749     
   96669910.062362254     
   96659026.935791716     
   96648145.165936008     
   96637264.752625972     
   96626385.695692524     
   96615507.994966552     
   96604631.650279000     
   96593756.661460832     
   96582883.028343007     
   96572010.750756517     
   96561139.828532383     
   96550270.261501655     
   96539402.049495384     
   96528535.192344636     
   96517669.689880520     
   96506805.541934162     
   96495942.748336717     
   96485081.308919325     
   96474221.223513186     
   96463362.491949499     
   96452505.114059493     
   96441649.089674413     
   96430794.418625534     
   96419941.100744143     
   96409089.135861546     
   96398238.523809090     
   96387389.264418110     
   96376541.357519999     
   96365694.802946135     
   96354849.600527942     
   96344005.750096858     
   96333163.251484334     
   96322322.104521856     
   96311482.309040934     
   96300643.864873067     
   96289806.771849811     
   96278971.029802725     
   96268136.638563409     
   96257303.597963452     
   96246471.907834485     
   96235641.568008155     
   96224812.578316122     
   96213984.938590080     
   96203158.648661748     
   96192333.708362848     
   96181510.117525131     
   96170687.875980377     
   96159866.983560368     
   96149047.440096930     
   96138229.245421901     
   96127412.399367139     
   96116596.901764512     
   96105782.752445921     
   96094969.951243296     
   96084158.497988567     
   96073348.392513707     
   96062539.634650692     
   96051732.224231526     
   96040926.161088228     
   96030121.445052847     
   96019318.075957447     
   96008516.053634122     
   95997715.377914980     
   95986916.048632145     
   95976118.065617770     
   95965321.428704023     
   95954526.137723103     
   95943732.192507222     
   95932939.592888609     
   95922148.338699520     
   95911358.429772228     
   95900569.865939036     
   95889782.647032261     
   95878996.772884250     
   95868212.243327349     
   95857429.058193937     
   95846647.217316419     
   95835866.720527217     
   95825087.567658782     
   95814309.758543566     
   95803533.293014064     
   95792758.170902774     
   95781984.392042220     
   95771211.956264958     
   95760440.863403544     
   95749671.113290578     
   95738902.705758661     
   95728135.640640438     
   95717369.917768553     
   95706605.536975682     
   95695842.498094514     
   95685080.800957754     
   95674320.445398152     
   95663561.431248456     
   95652803.758341447     
   95642047.426509917     
   95631292.435586691     
   95620538.785404608     
   95609786.475796536     
   95599035.506595343     
   95588285.877633929     
   95577537.588745221     
   95566790.639762163     
   95556045.030517727     
   95545300.760844886     
   95534557.830576658     
   95523816.239546061     
   95513075.987586141     
   95502337.074529976     
   95491599.500210643     
   95480863.264461264     
   95470128.367114961     
   95459394.808004901     
   95448662.586964235     
   95437931.703826174     
   95427202.158423916     
   95416473.950590715     
   95405747.080159813     
   95395021.546964481     
   95384297.350838035     
   95373574.491613775     
   95362852.969125047     
   95352132.783205211     
   95341413.933687642     
   95330696.420405760     
   95319980.243192971     
   95309265.401882708     
   95298551.896308452     
   95287839.726303682     
   95277128.891701907     
   95266419.392336652     
   95255711.228041455     
   95245004.398649886     
   95234298.903995529     
   95223594.743911996     
   95212891.918232933     
   95202190.426791966     
   95191490.269422784     
   95180791.445959061     
   95170093.956234530     
   95159397.800082907     
   95148702.977337956     
   95138009.487833440     
   95127317.331403166     
   95116626.507880941     
   95105937.017100602     
   95095248.858896017     
   95084562.033101052     
   95073876.539549619     
   95063192.378075629     
   95052509.548513025     
   95041828.050695762     
   95031147.884457827     
   95020469.049633220     
   95009791.546055973     
   94999115.373560116     
   94988440.531979725     
   94977767.021148875     
   94967094.840901673     
   94956423.991072252     
   94945754.471494764     
   94935086.282003358     
   94924419.422432244     
   94913753.892615616     
   94903089.692387715     
   94892426.821582779     
   94881765.280035093     
   94871105.067578942     
   94860446.184048623     
   94849788.629278496     
   94839132.403102890     
   94828477.505356193     
   94817823.935872808     
   94807171.694487140     
   94796520.781033620     
   94785871.195346713     
   94775222.937260896     
   94764576.006610677     
   94753930.403230563     
   94743286.126955092     
   94732643.177618831     
   94722001.555056348     
   94711361.259102255     
   94700722.289591178     
   94690084.646357760     
   94679448.329236656     
   94668813.338062555     
   94658179.672670156     
   94647547.332894191     
   94636916.318569392     
   94626286.629530549     
   94615658.265612423     
   94605031.226649836     
   94594405.512477621     
   94583781.122930616     
   94573158.057843700     
   94562536.317051753     
   94551915.900389686     
   94541296.807692438     
   94530679.038794950     
   94520062.593532205     
   94509447.471739188     
   94498833.673250914     
   94488221.197902411     
   94477610.045528755     
   94467000.215965003     
   94456391.709046245     
   94445784.524607614     
   94435178.662484229     
   94424574.122511268     
   94413970.904523894     
   94403369.008357301     
   94392768.433846727     
   94382169.180827394     
   94371571.249134570     
   94360974.638603538     
   94350379.349069595     
   94339785.380368054     
   94329192.732334271     
   94318601.404803604     
   94308011.397611439     
   94297422.710593164     
   94286835.343584225     
   94276249.296420053     
   94265664.568936124     
   94255081.160967916     
   94244499.072350934     
   94233918.302920699     
   94223338.852512777     
   94212760.720962718     
   94202183.908106118     
   94191608.413778588     
   94181034.237815753     
   94170461.380053252     
   94159889.840326771     
   94149319.618471995     
   94138750.714324638     
   94128183.127720430     
   94117616.858495131     
   94107051.906484500     
   94096488.271524340     
   94085925.953450456     
   94075364.952098683     
   94064805.267304882     
   94054246.898904935     
   94043689.846734717     
   94033134.110630155     
   94022579.690427184     
   94012026.585961759     
   94001474.797069862     
   93990924.323587492     
   93980375.165350661     
   93969827.322195411     
   93959280.793957800     
   93948735.580473915     
   93938191.681579843     
   93927649.097111717     
   93917107.826905668     
   93906567.870797858     
   93896029.228624463     
   93885491.900221691     
   93874955.885425776     
   93864421.184072942     
   93853887.795999467     
   93843355.721041620     
   93832824.959035724     
   93822295.509818092     
   93811767.373225063     
   93801240.549093008     
   93790715.037258312     
   93780190.837557390     
   93769667.949826658     
   93759146.373902574     
   93748626.109621599     
   93738107.156820208     
   93727589.515334919     
   93717073.185002267     
   93706558.165658802     
   93696044.457141086     
   93685532.059285700     
   93675020.971929267     
   93664511.194908410     
   93654002.728059784     
   93643495.571220055     
   93632989.724225923     
   93622485.186914101     
   93611981.959121317     
   93601480.040684313     
   93590979.431439877     
   93580480.131224796     
   93569982.139875874     
   93559485.457229957     
   93548990.083123893     
   93538496.017394558     
   93528003.259878844     
   93517511.810413674     
   93507021.668835983     
   93496532.834982723     
   93486045.308690876     
   93475559.089797437     
   93465074.178139418     
   93454590.573553845     
   93444108.275877789     
   93433627.284948334     
   93423147.600602567     
   93412669.222677618     
   93402192.151010618     
   93391716.385438725     
   93381241.925799116     
   93370768.771928996     
   93360296.923665583     
   93349826.380846113     
   93339357.143307850     
   93328889.210888073     
   93318422.583424076     
   93307957.260753199     
   93297493.242712766     
   93287030.529140145     
   93276569.119872719     
   93266109.014747903     
   93255650.213603109     
   93245192.716275766     
   93234736.522603363     
   93224281.632423356     
   93213828.045573264     
   93203375.761890620     
   93192924.781212956     
   93182475.103377834     
   93172026.728222847     
   93161579.655585602     
   93151133.885303706     
   93140689.417214826     
   93130246.251156613     
   93119804.386966765     
   93109363.824482977     
   93098924.563542977     
   93088486.603984520     
   93078049.945645362     
   93067614.588363305     
   93057180.531976148     
   93046747.776321709     
   93036316.321237847     
   93025886.166562438     
   93015457.312133357     
   93005029.757788509     
   92994603.503365830     
   92984178.548703268     
   92973754.893638790     
   92963332.538010389     
   92952911.481656075     
   92942491.724413872     
   92932073.266121835     
   92921656.106618032     
   92911240.245740548     
   92900825.683327496     
   92890412.419217020     
   92880000.453247249     
   92869589.785256371     
   92859180.415082574     
   92848772.342564061     
   92838365.567539066     
   92827960.089845836     
   92817555.909322649     
   92807153.025807798     
   92796751.439139605     
   92786351.149156392     
   92775952.155696511     
   92765554.458598331     
   92755158.057700247     
   92744762.952840671     
   92734369.143858030     
   92723976.630590796     
   92713585.412877426     
   92703195.490556419     
   92692806.863466293     
   92682419.531445578     
   92672033.494332820     
   92661648.751966596     
   92651265.304185510     
   92640883.150828168     
   92630502.291733205     
   92620122.726739272     
   92609744.455685049     
   92599367.478409231     
   92588991.794750527     
   92578617.404547676     
   92568244.307639435     
   92557872.503864571     
   92547501.993061885     
   92537132.775070190     
   92526764.849728331     
   92516398.216875151     
   92506032.876349539     
   92495668.827990368     
   92485306.071636572     
   92474944.607127085     
   92464584.434300855     
   92454225.552996859     
   92443867.963054106     
   92433511.664311603     
   92423156.656608388     
   92412802.939783514     
   92402450.513676047     
   92392099.378125101     
   92381749.532969788     
   92371400.978049234     
   92361053.713202611     
   92350707.738269091     
   92340363.053087860     
   92330019.657498151     
   92319677.551339179     
   92309336.734450221     
   92298997.206670552     
   92288658.967839450     
   92278322.017796248     
   92267986.356380284     
   92257651.983430907     
   92247318.898787498     
   92236987.102289453     
   92226656.593776196     
   92216327.373087153     
   92205999.440061778     
   92195672.794539556     
   92185347.436359987     
   92175023.365362585     
   92164700.581386879     
   92154379.084272444     
   92144058.873858839     
   92133739.949985668     
   92123422.312492549     
   92113105.961219117     
   92102790.896005034     
   92092477.116689980     
   92082164.623113632     
   92071853.415115729     
   92061543.492535993     
   92051234.855214193     
   92040927.502990097     
   92030621.435703501     
   92020316.653194234     
   92010013.155302122     
   91999710.941867024     
   91989410.012728810     
   91979110.367727384     
   91968812.006702662     
   91958514.929494590     
   91948219.135943115     
   91937924.625888214     
   91927631.399169877     
   91917339.455628127     
   91907048.795102999     
   91896759.417434543     
   91886471.322462857     
   91876184.510028020     
   91865898.979970142     
   91855614.732129365     
   91845331.766345859     
   91835050.082459778     
   91824769.680311337     
   91814490.559740737     
   91804212.720588222     
   91793936.162694052     
   91783660.885898486     
   91773386.890041828     
   91763114.174964398     
   91752842.740506530     
   91742572.586508572     
   91732303.712810904     
   91722036.119253919     
   91711769.805678040     
   91701504.771923691     
   91691241.017831326     
   91680978.543241426     
   91670717.347994491     
   91660457.431931019     
   91650198.794891566     
   91639941.436716661     
   91629685.357246891     
   91619430.556322858     
   91609177.033785164     
   91598924.789474443     
   91588673.823231354     
   91578424.134896562     
   91568175.724310771     
   91557928.591314673     
   91547682.735749021     
   91537438.157454565     
   91527194.856272072     
   91516952.832042336     
   91506712.084606171     
   91496472.613804415     
   91486234.419477910     
   91475997.501467526     
   91465761.859614164     
   91455527.493758723     
   91445294.403742149     
   91435062.589405388     
   91424832.050589412     
   91414602.787135199     
   91404374.798883781     
   91394148.085676163     
   91383922.647353411     
   91373698.483756602     
   91363475.594726816     
   91353253.980105162     
   91343033.639732763     
   91332814.573450789     
   91322596.781100392     
   91312380.262522757     
   91302165.017559111     
   91291951.046050668     
   91281738.347838685     
   91271526.922764421     
   91261316.770669162     
   91251107.891394228     
   91240900.284780934     
   91230693.950670645     
   91220488.888904706     
   91210285.099324524     
   91200082.581771493     
   91189881.336087033     
   91179681.362112612     
   91169482.659689680     
   91159285.228659719     
   91149089.068864241     
   91138894.180144772     
   91128700.562342852     
   91118508.215300053     
   91108317.138857961     
   91098127.332858160     
   91087938.797142297     
   91077751.531552002     
   91067565.535928950     
   91057380.810114816     
   91047197.353951305     
   91037015.167280138     
   91026834.249943048     
   91016654.601781815     
   91006476.222638205     
   90996299.112354025     
   90986123.270771101     
   90975948.697731271     
   90965775.393076405     
   90955603.356648371     
   90945432.588289067     
   90935263.087840423     
   90925094.855144367     
   90914927.890042871     
   90904762.192377910     
   90894597.761991471     
   90884434.598725587     
   90874272.702422291     
   90864112.072923630     
   90853952.710071698     
   90843794.613708586     
   90833637.783676401     
   90823482.219817296     
   90813327.921973407     
   90803174.889986932     
   90793023.123700052     
   90782872.622954980     
   90772723.387593955     
   90762575.417459235     
   90752428.712393090     
   90742283.272237822     
   90732139.096835732     
   90721996.186029166     
   90711854.539660469     
   90701714.157572016     
   90691575.039606199     
   90681437.185605422     
   90671300.595412120     
   90661165.268868744     
   90651031.205817774     
   90640898.406101689     
   90630766.869562998     
   90620636.596044242     
   90610507.585387960     
   90600379.837436736     
   90590253.352033138     
   90580128.129019782     
   90570004.168239295     
   90559881.469534323     
   90549760.032747537     
   90539639.857721627     
   90529520.944299296     
   90519403.292323261     
   90509286.901636273     
   90499171.772081107     
   90489057.903500527     
   90478945.295737356     
   90468833.948634401     
   90458723.862034515     
   90448615.035780564     
   90438507.469715431     
   90428401.163682014     
   90418296.117523223     
   90408192.331082016     
   90398089.804201350     
   90387988.536724210     
   90377888.528493583     
   90367789.779352501     
   90357692.289143994     
   90347596.057711124     
   90337501.084896967     
   90327407.370544627     
   90317314.914497212     
   90307223.716597870     
   90297133.776689753     
   90287045.094616026     
   90276957.670219898     
   90266871.503344581     
   90256786.593833312     
   90246702.941529334     
   90236620.546275929     
   90226539.407916397     
   90216459.526294038     
   90206380.901252195     
   90196303.532634214     
   90186227.420283467     
   90176152.564043343     
   90166078.963757262     
   90156006.619268641     
   90145935.530420929     
   90135865.697057605     
   90125797.119022161     
   90115729.796158090     
   90105663.728308931     
   90095598.915318236     
   90085535.357029557     
   90075473.053286493     
   90065412.003932640     
   90055352.208811626     
   90045293.667767093     
   90035236.380642697     
   90025180.347282141     
   90015125.567529112     
   90005072.041227341     
   89995019.768220574     
   89984968.748352557     
   89974918.981467083     
   89964870.467407957     
   89954823.206018984     
   89944777.197144017     
   89934732.440626904     
